244160456
175823909
431451034
7626069451
1290817318
23585051
1832411965
5748488530
18432240
4221392882
19968373
3594229932
1491944945
179698358
23027253
214419680
2098633531
21586886
264076181
1715094
3531498369
8609390306
905525503
7434295106
216477376
1527759805
1742167244
40972579
53186578
2154305410
578226695
1742488447
1150802777
1334671561
17247661
19484769
2907990731
52636635
230520700
1567155957
237611493
17229629
6275238215
1999824
280379859
205101110
337265774
5319945344
1641866168
501536256
460142307
55424652
48172059
16982073
5732450389
29299153
5427081518
435260362
402557050
1838420787
2258601491
519909423
13669955
41201669
7858642038
2063352208
2139936218
19802622
363963971
385208638
240217394
293602288
43559494
42275607
45586892
104914712
30061481
240906682
182320445
55323265
180829911
20271613
20625186
17421643
7412007291
145911409
5444306154
398479623
293315660
177402873
2373661280
479759660
7053545153
254813404
213793568
1417817277
2289688644
608681340
303031387
7211789170
56128806
2166769243
5526008326
194977088
3580426200
250662296
7365260658
1637160312
205649460
1206386231
260462810
51173502
2347701710
216924913
19849893
144742500
2935035688
4308209164
390208704
4924867418
22183027
198686321
6116404392
274700284
54916951
500373362
315309136
3411809336
221036276
220064591
383214337
215149737
349284351
3669929049
211509699
3518276795
6297399938
4050273067
316454067
1392690753
51767924
7228816093
1714831214
42959714
464670348
1619282381
802247148
1599350839
43852065
302496924
231731744
3944936008
254685946
222345384
229380558
23545598
568343109
179988566
538777301
30515748
178459890
5887390889
481008452
806498454
56200708
29532290
2122833530
197496156
1541254734
2259368679
530309714
1995402123
419876796
1737743664
257973762
370065691
1070882890
1394197420
1799202802
2061686569
3191166296
19237590
53503401
29039978
376031708
209169221
1258421963
1182501229
571794291
719463009
852943440
27372216
29781446
1252029180
2101415984
2270627357
297828371
749949480
418786972
349331466
856418603
2093931323
1368849783
24466157
10418056
1654102229
23184370
338083747
261519469
195413609
1070829385
226258153
295392338
2072609948
364339159
975574968
342026344
321536941
433557032
27459753
23931586
1367689560
44382046
709342608
873404122
284251159
1502430255
6311201379
419669954
217950810
1293457732
145014807
22144178
311051000
205732025
256248651
1260245252
1370628284
17834355
258256178
22609157
12105518
277878102
28761341
1063350014
192818792
502708917
325897886
208637226
185100498
233391146
178415989
144507398
1993444012
333972724
292705611
173887307
178213903
192064433
704907085
204175920
248307713
649277598
338133063
6187686775
629603007
1133933282
49124835
3640671535
3272400247
3554968395
302611559
6011540313
720938864
256451095
271068529
190739627
308960936
356699580
408704192
309884015
4605688840
4232325365
26246625
178475114
53857021
4114569433
217375795
1287701110
221553736
274946188
246768746
546696722
4392943637
55392376
3181757225
11292622
310371102
422631064
7035918245
1232818157
232789651
13857573
772983977
340589864
534022098
1194512552
1214414826
255444396
205674091
21933082
231661138
191676125
245561429
258492143
387277822
219471493
19697743
290368478
478530883
375208038
312223083
1521639838
252159752
218011923
1424812160
236439148
1235390279
3570320241
2209136364
236865967
5431105999
400550070
2169537981
274613016
27132235
10893544
432433408
2158263779
185886414
418707322
176005471
27967871
15080401
272028406
309009938
14741069
225616971
1301223143
184557303
1092463613
4243394119
198361266
366664196
464159270
297015902
177628259
1402623602
271602687
28670986
6923129733
181621171
532196868
2021814109
219018934
35094260
401421335
262682695
605912054
196645256
6853819413
21550173
198257835
1389336369
1549533131
22251598
1141621101
533655362
228092650
1122744877
214374590
53161396
5903677056
175203828
20645001
334976256
1119585929
26046641
369067347
43280907
179511844
522900966
4331682412
575005477
3730167920
6255943720
1520700310
7194617
183754520
1520219520
1450294568
28141380
270567753
237482385
392947926
220788910
561068033
6788948392
3402748842
340640605
328357053
202902330
2014483122
2029150121
320793208
374070740
44966392
13494457
1434235754
1432042561
1113445664
27653544
205985275
205326245
2224316324
619822360
5494944437
847898418
1783321090
177366639
246486391
227750122
420000359
580519498
1577121955
232639289
204684033
179035243
321450738
232410435
193635702
1651442104
1430258429
195310720
5055033095
233766091
383324797
5146095132
204528244
292927623
1418619868
1427101535
535347241
4940880945
178006901
223303874
145644859
2131173494
1577254014
1950540606
174530619
30319463
278059731
1504112442
295842625
246945466
3767068337
