183516200
9103414
3168786445
277912604
4142958
5846948507
252076951
55561455
24953285
3284914713
193758822
1580473473
8810732
32988633
13641413
182196805
8236285085
7413269816
304511006
8401704075
3644636350
1514321332
2954849013
2345440061
14455831
2161047013
4445386253
319125109
1679405663
21202506
187399814
29394004
365842972
7330647029
1574083
3009968109
4241012468
4972859383
1432609192
18060109
7295597325
20644377
7460706575
5486909
4369345
5786718
3221558925
145821237
1915067627
825341735
13512754
18836666
1955019626
12298314
407011213
5885442538
2416946226
6686458176
184202179
433555704
1554777463
192986570
652398040
221664
50603699
1359765826
10685362
2090501745
8645888
524065031
179016884
1665843838
234256821
345669882
2712438174
322849819
3102670268
316466577
4436073061
202221480
2273379666
4131388894
611278384
6720655
5880619
232880008
8947681
1767415642
3633777548
4116121117
32498422
3863912706
1701569966
250714098
1177294664
3561095972
3531904189
2269329859
15549976
446350575
332037462
2037290631
50963530
1294354277
543632673
235635638
1512838456
47475282
251943029
267113908
7431207
199019510
2093124448
11727728
2188249550
18900337
143792853
1604963429
1364488
1318741575
1900126541
1971260652
1663038758
35624887
191871035
1685650203
1619194982
48453805
681016819
12641422
